	Temp	FM	Psi	Date
0	5	30	-0.2	12/15/10
1	5	30	-0.2	12/16/10
2	5	30	-0.2	12/17/10
3	5	30	-0.2	12/18/10
4	5	30	-0.2	12/19/10
5	5	30	-0.2	12/20/10
6	5	30	-0.2	12/21/10
7	5	30	-0.2	12/22/10
8	5	30	-0.2	12/23/10
9	5	30	-0.2	12/24/10
10	5	30	-0.2	12/25/10
11	5	30	-0.2	12/26/10
12	5	30	-0.2	12/27/10
13	5	30	-0.2	12/28/10
14	5	30	-0.2	12/29/10
15	5	30	-0.2	12/30/10
16	5	30	-0.2	12/31/10
17	5	30	-0.2	1/1/11
18	5	30	-0.2	1/2/11
19	5	30	-0.2	1/3/11
20	5	30	-0.2	1/4/11
21	5	30	-0.2	1/5/11
22	5	30	-0.2	1/6/11
23	5	30	-0.2	1/7/11
24	5	30	-0.2	1/8/11
25	5	30	-0.2	1/9/11
26	5	30	-0.2	1/10/11
27	5	30	-0.2	1/11/11
28	5	30	-0.2	1/12/11
29	5	30	-0.2	1/13/11
30	5	30	-0.2	1/14/11
31	5	30	-0.2	1/15/11
32	5	30	-0.2	1/16/11
33	5	30	-0.2	1/17/11
34	5	30	-0.2	1/18/11
35	5	30	-0.2	1/19/11
36	5	30	-0.2	1/20/11
37	5	30	-0.2	1/21/11
38	5	30	-0.2	1/22/11
39	5	30	-0.2	1/23/11
40	5	30	-0.2	1/24/11
41	5	30	-0.2	1/25/11
42	5	30	-0.2	1/26/11
43	5	30	-0.2	1/27/11
44	5	30	-0.2	1/28/11
45	5	30	-0.2	1/29/11
46	5	30	-0.2	1/30/11
47	5	30	-0.2	1/31/11
48	5	30	-0.2	2/1/11
49	5	30	-0.2	2/2/11
50	5	30	-0.2	2/3/11
51	5	30	-0.2	2/4/11
52	5	30	-0.2	2/5/11
53	5	30	-0.2	2/6/11
54	5	30	-0.2	2/7/11
55	5	30	-0.2	2/8/11
56	5	30	-0.2	2/9/11
57	5	30	-0.2	2/10/11
58	5	30	-0.2	2/11/11
59	5	30	-0.2	2/12/11
60	5	30	-0.2	2/13/11
61	5	30	-0.2	2/14/11
62	5	30	-0.2	2/15/11
63	5	30	-0.2	2/16/11
64	5	30	-0.2	2/17/11
65	5	30	-0.2	2/18/11
66	5	30	-0.2	2/19/11
67	5	30	-0.2	2/20/11
68	5	30	-0.2	2/21/11
69	5	30	-0.2	2/22/11
70	5	30	-0.2	2/23/11
71	5	30	-0.2	2/24/11
72	5	30	-0.2	2/25/11
73	5	30	-0.2	2/26/11
74	5	30	-0.2	2/27/11
75	5	30	-0.2	2/28/11
76	5	30	-0.2	3/1/11
77	5	30	-0.2	3/2/11
78	5	30	-0.2	3/3/11
79	5	30	-0.2	3/4/11
80	5	30	-0.2	3/5/11
81	5	30	-0.2	3/6/11
82	5	30	-0.2	3/7/11
83	5	30	-0.2	3/8/11
84	5	30	-0.2	3/9/11
85	5	30	-0.2	3/10/11
86	5	30	-0.2	3/11/11
87	5	30	-0.2	3/12/11
88	5	30	-0.2	3/13/11
89	5	30	-0.2	3/14/11
90	5	30	-0.2	3/15/11
91	5	30	-0.2	3/16/11
92	5	30	-0.2	3/17/11
93	5	30	-0.2	3/18/11
94	5	30	-0.2	3/19/11
95	5	30	-0.2	3/20/11
96	5	30	-0.2	3/21/11
97	5	30	-0.2	3/22/11
98	5	30	-0.2	3/23/11
99	5	30	-0.2	3/24/11
100	5	30	-0.2	3/25/11
101	5	30	-0.2	3/26/11
102	5	30	-0.2	3/27/11
103	5	30	-0.2	3/28/11
104	5	30	-0.2	3/29/11
105	5	30	-0.2	3/30/11
106	5	30	-0.2	3/31/11
107	5	30	-0.2	4/1/11
108	5	30	-0.2	4/2/11
109	5	30	-0.2	4/3/11
110	5	30	-0.2	4/4/11
111	5	30	-0.2	4/5/11
112	5	30	-0.2	4/6/11
113	5	30	-0.2	4/7/11
114	5	30	-0.2	4/8/11
115	5	30	-0.2	4/9/11
116	5	30	-0.2	4/10/11
117	5	30	-0.2	4/11/11
118	5	30	-0.2	4/12/11
119	5	30	-0.2	4/13/11
120	5	30	-0.2	4/14/11
121	5	30	-0.2	4/15/11
122	5	30	-0.2	4/16/11
123	5	30	-0.2	4/17/11
124	5	30	-0.2	4/18/11
125	5	30	-0.2	4/19/11
126	5	30	-0.2	4/20/11
127	5	30	-0.2	4/21/11
128	5	30	-0.2	4/22/11
129	5	30	-0.2	4/23/11
130	5	30	-0.2	4/24/11
131	5	30	-0.2	4/25/11
132	5	30	-0.2	4/26/11
133	5	30	-0.2	4/27/11
134	5	30	-0.2	4/28/11
135	5	30	-0.2	4/29/11
136	5	30	-0.2	4/30/11
137	5	30	-0.2	5/1/11
138	5	30	-0.2	5/2/11
139	5	30	-0.2	5/3/11
140	5	30	-0.2	5/4/11
141	5	30	-0.2	5/5/11
142	5	30	-0.2	5/6/11
143	5	30	-0.2	5/7/11
144	5	30	-0.2	5/8/11
145	5	30	-0.2	5/9/11
146	5	30	-0.2	5/10/11
147	5	30	-0.2	5/11/11
148	5	30	-0.2	5/12/11
149	5	30	-0.2	5/13/11
150	5	30	-0.2	5/14/11
151	5	30	-0.2	5/15/11
152	5	30	-0.2	5/16/11
153	5	30	-0.2	5/17/11
154	5	30	-0.2	5/18/11
155	5	30	-0.2	5/19/11
156	5	30	-0.2	5/20/11
157	5	30	-0.2	5/21/11
158	5	30	-0.2	5/22/11
159	5	30	-0.2	5/23/11
160	5	30	-0.2	5/24/11
161	5	30	-0.2	5/25/11
162	5	30	-0.2	5/26/11
163	5	30	-0.2	5/27/11
164	5	30	-0.2	5/28/11
165	5	30	-0.2	5/29/11
166	5	30	-0.2	5/30/11
167	5	30	-0.2	5/31/11
168	5	30	-0.2	6/1/11
169	5	30	-0.2	6/2/11
170	5	30	-0.2	6/3/11
171	5	30	-0.2	6/4/11
172	5	30	-0.2	6/5/11
173	5	30	-0.2	6/6/11
174	5	30	-0.2	6/7/11
175	5	30	-0.2	6/8/11
176	5	30	-0.2	6/9/11
177	5	30	-0.2	6/10/11
178	5	30	-0.2	6/11/11
179	5	30	-0.2	6/12/11
180	5	30	-0.2	6/13/11
181	5	30	-0.2	6/14/11
182	5	30	-0.2	6/15/11
183	5	30	-0.2	6/16/11
184	5	30	-0.2	6/17/11
185	5	30	-0.2	6/18/11
186	5	30	-0.2	6/19/11
187	5	30	-0.2	6/20/11
188	5	30	-0.2	6/21/11
189	5	30	-0.2	6/22/11
190	5	30	-0.2	6/23/11
191	5	30	-0.2	6/24/11
192	5	30	-0.2	6/25/11
193	5	30	-0.2	6/26/11
194	5	30	-0.2	6/27/11
195	5	30	-0.2	6/28/11
196	5	30	-0.2	6/29/11
197	5	30	-0.2	6/30/11
198	5	30	-0.2	7/1/11
199	5	30	-0.2	7/2/11
200	5	30	-0.2	7/3/11
201	5	30	-0.2	7/4/11
202	5	30	-0.2	7/5/11
203	5	30	-0.2	7/6/11
204	5	30	-0.2	7/7/11
205	5	30	-0.2	7/8/11
206	5	30	-0.2	7/9/11
207	5	30	-0.2	7/10/11
208	5	30	-0.2	7/11/11
209	5	30	-0.2	7/12/11
210	5	30	-0.2	7/13/11
211	5	30	-0.2	7/14/11
212	5	30	-0.2	7/15/11
213	5	30	-0.2	7/16/11
214	5	30	-0.2	7/17/11
215	5	30	-0.2	7/18/11
216	5	30	-0.2	7/19/11
217	5	30	-0.2	7/20/11
218	5	30	-0.2	7/21/11
219	5	30	-0.2	7/22/11
220	5	30	-0.2	7/23/11
221	5	30	-0.2	7/24/11
222	5	30	-0.2	7/25/11
223	5	30	-0.2	7/26/11
224	5	30	-0.2	7/27/11
225	5	30	-0.2	7/28/11
226	5	30	-0.2	7/29/11
227	5	30	-0.2	7/30/11
228	5	30	-0.2	7/31/11
229	5	30	-0.2	8/1/11
230	5	30	-0.2	8/2/11
231	5	30	-0.2	8/3/11
232	5	30	-0.2	8/4/11
233	5	30	-0.2	8/5/11
234	5	30	-0.2	8/6/11
235	5	30	-0.2	8/7/11
236	5	30	-0.2	8/8/11
237	5	30	-0.2	8/9/11
238	5	30	-0.2	8/10/11
239	5	30	-0.2	8/11/11
240	5	30	-0.2	8/12/11
241	5	30	-0.2	8/13/11
242	5	30	-0.2	8/14/11
243	5	30	-0.2	8/15/11
244	5	30	-0.2	8/16/11
245	5	30	-0.2	8/17/11
246	5	30	-0.2	8/18/11
247	5	30	-0.2	8/19/11
248	5	30	-0.2	8/20/11
249	5	30	-0.2	8/21/11
250	5	30	-0.2	8/22/11
251	5	30	-0.2	8/23/11
252	5	30	-0.2	8/24/11
253	5	30	-0.2	8/25/11
254	5	30	-0.2	8/26/11
255	5	30	-0.2	8/27/11
256	5	30	-0.2	8/28/11
257	5	30	-0.2	8/29/11
258	5	30	-0.2	8/30/11
259	5	30	-0.2	8/31/11
260	5	30	-0.2	9/1/11
261	5	30	-0.2	9/2/11
262	5	30	-0.2	9/3/11
263	5	30	-0.2	9/4/11
264	5	30	-0.2	9/5/11
265	5	30	-0.2	9/6/11
266	5	30	-0.2	9/7/11
267	5	30	-0.2	9/8/11
268	5	30	-0.2	9/9/11
269	5	30	-0.2	9/10/11
270	5	30	-0.2	9/11/11
271	5	30	-0.2	9/12/11
272	5	30	-0.2	9/13/11
273	5	30	-0.2	9/14/11
274	5	30	-0.2	9/15/11
275	5	30	-0.2	9/16/11
276	5	30	-0.2	9/17/11
277	5	30	-0.2	9/18/11
278	5	30	-0.2	9/19/11
279	5	30	-0.2	9/20/11
280	5	30	-0.2	9/21/11
281	5	30	-0.2	9/22/11
282	5	30	-0.2	9/23/11
283	5	30	-0.2	9/24/11
284	5	30	-0.2	9/25/11
285	5	30	-0.2	9/26/11
286	5	30	-0.2	9/27/11
287	5	30	-0.2	9/28/11
288	5	30	-0.2	9/29/11
289	5	30	-0.2	9/30/11
290	5	30	-0.2	10/1/11
291	5	30	-0.2	10/2/11
292	5	30	-0.2	10/3/11
293	5	30	-0.2	10/4/11
294	5	30	-0.2	10/5/11
295	5	30	-0.2	10/6/11
296	5	30	-0.2	10/7/11
297	5	30	-0.2	10/8/11
298	5	30	-0.2	10/9/11
299	5	30	-0.2	10/10/11
300	5	30	-0.2	10/11/11
301	5	30	-0.2	10/12/11
302	5	30	-0.2	10/13/11
303	5	30	-0.2	10/14/11
304	5	30	-0.2	10/15/11
305	5	30	-0.2	10/16/11
306	5	30	-0.2	10/17/11
307	5	30	-0.2	10/18/11
308	5	30	-0.2	10/19/11
309	5	30	-0.2	10/20/11
310	5	30	-0.2	10/21/11
311	5	30	-0.2	10/22/11
312	5	30	-0.2	10/23/11
313	5	30	-0.2	10/24/11
314	5	30	-0.2	10/25/11
315	5	30	-0.2	10/26/11
316	5	30	-0.2	10/27/11
317	5	30	-0.2	10/28/11
318	5	30	-0.2	10/29/11
319	5	30	-0.2	10/30/11
320	5	30	-0.2	10/31/11
321	5	30	-0.2	11/1/11
322	5	30	-0.2	11/2/11
323	5	30	-0.2	11/3/11
324	5	30	-0.2	11/4/11
325	5	30	-0.2	11/5/11
326	5	30	-0.2	11/6/11
327	5	30	-0.2	11/7/11
328	5	30	-0.2	11/8/11
329	5	30	-0.2	11/9/11
330	5	30	-0.2	11/10/11
331	5	30	-0.2	11/11/11
332	5	30	-0.2	11/12/11
333	5	30	-0.2	11/13/11
334	5	30	-0.2	11/14/11
335	5	30	-0.2	11/15/11
336	5	30	-0.2	11/16/11
337	5	30	-0.2	11/17/11
338	5	30	-0.2	11/18/11
339	5	30	-0.2	11/19/11
340	5	30	-0.2	11/20/11
341	5	30	-0.2	11/21/11
342	5	30	-0.2	11/22/11
343	5	30	-0.2	11/23/11
344	5	30	-0.2	11/24/11
345	5	30	-0.2	11/25/11
346	5	30	-0.2	11/26/11
347	5	30	-0.2	11/27/11
348	5	30	-0.2	11/28/11
349	5	30	-0.2	11/29/11
350	5	30	-0.2	11/30/11
351	5	30	-0.2	12/1/11
352	5	30	-0.2	12/2/11
353	5	30	-0.2	12/3/11
354	5	30	-0.2	12/4/11
355	5	30	-0.2	12/5/11
356	5	30	-0.2	12/6/11
357	5	30	-0.2	12/7/11
358	5	30	-0.2	12/8/11
359	5	30	-0.2	12/9/11
360	5	30	-0.2	12/10/11
361	5	30	-0.2	12/11/11
362	5	30	-0.2	12/12/11
363	5	30	-0.2	12/13/11
364	5	30	-0.2	12/14/11
365	5	30	-0.2	12/15/11
366	5	30	-0.2	12/16/11
367	5	30	-0.2	12/17/11
368	5	30	-0.2	12/18/11
369	5	30	-0.2	12/19/11
370	5	30	-0.2	12/20/11
371	5	30	-0.2	12/21/11
372	5	30	-0.2	12/22/11
373	5	30	-0.2	12/23/11
374	5	30	-0.2	12/24/11
375	5	30	-0.2	12/25/11
376	5	30	-0.2	12/26/11
377	5	30	-0.2	12/27/11
378	5	30	-0.2	12/28/11
379	5	30	-0.2	12/29/11
380	5	30	-0.2	12/30/11
381	5	30	-0.2	12/31/11
382	5	30	-0.2	1/1/11
383	5	30	-0.2	1/2/11
384	5	30	-0.2	1/3/11
385	5	30	-0.2	1/4/11
386	5	30	-0.2	1/5/11
387	5	30	-0.2	1/6/11
388	5	30	-0.2	1/7/11
389	5	30	-0.2	1/8/11
390	5	30	-0.2	1/9/11
391	5	30	-0.2	1/10/11
392	5	30	-0.2	1/11/11
393	5	30	-0.2	1/12/11
394	5	30	-0.2	1/13/11
395	5	30	-0.2	1/14/11
396	5	30	-0.2	1/15/11
397	5	30	-0.2	1/16/11
398	5	30	-0.2	1/17/11
399	5	30	-0.2	1/18/11
400	5	30	-0.2	1/19/11
401	5	30	-0.2	1/20/11
402	5	30	-0.2	1/21/11
403	5	30	-0.2	1/22/11
404	5	30	-0.2	1/23/11
405	5	30	-0.2	1/24/11
406	5	30	-0.2	1/25/11
407	5	30	-0.2	1/26/11
408	5	30	-0.2	1/27/11
409	5	30	-0.2	1/28/11
410	5	30	-0.2	1/29/11
411	5	30	-0.2	1/30/11
412	5	30	-0.2	1/31/11
413	5	30	-0.2	2/1/11
414	5	30	-0.2	2/2/11
415	5	30	-0.2	2/3/11
416	5	30	-0.2	2/4/11
417	5	30	-0.2	2/5/11
418	5	30	-0.2	2/6/11
419	5	30	-0.2	2/7/11
420	5	30	-0.2	2/8/11
421	5	30	-0.2	2/9/11
422	5	30	-0.2	2/10/11
423	5	30	-0.2	2/11/11
424	5	30	-0.2	2/12/11
425	5	30	-0.2	2/13/11
426	5	30	-0.2	2/14/11
427	5	30	-0.2	2/15/11
428	5	30	-0.2	2/16/11
429	5	30	-0.2	2/17/11
430	5	30	-0.2	2/18/11
431	5	30	-0.2	2/19/11
432	5	30	-0.2	2/20/11
433	5	30	-0.2	2/21/11
434	5	30	-0.2	2/22/11
435	5	30	-0.2	2/23/11
436	5	30	-0.2	2/24/11
437	5	30	-0.2	2/25/11
438	5	30	-0.2	2/26/11
439	5	30	-0.2	2/27/11
440	5	30	-0.2	2/28/11
441	5	30	-0.2	3/1/11
442	5	30	-0.2	3/2/11
443	5	30	-0.2	3/3/11
444	5	30	-0.2	3/4/11
445	5	30	-0.2	3/5/11
446	5	30	-0.2	3/6/11
447	5	30	-0.2	3/7/11
448	5	30	-0.2	3/8/11
449	5	30	-0.2	3/9/11
450	5	30	-0.2	3/10/11
451	5	30	-0.2	3/11/11
452	5	30	-0.2	3/12/11
453	5	30	-0.2	3/13/11
454	5	30	-0.2	3/14/11
455	5	30	-0.2	3/15/11
456	5	30	-0.2	3/16/11
457	5	30	-0.2	3/17/11
458	5	30	-0.2	3/18/11
459	5	30	-0.2	3/19/11
460	5	30	-0.2	3/20/11
461	5	30	-0.2	3/21/11
462	5	30	-0.2	3/22/11
463	5	30	-0.2	3/23/11
464	5	30	-0.2	3/24/11
465	5	30	-0.2	3/25/11
466	5	30	-0.2	3/26/11
467	5	30	-0.2	3/27/11
468	5	30	-0.2	3/28/11
469	5	30	-0.2	3/29/11
470	5	30	-0.2	3/30/11
471	5	30	-0.2	3/31/11
472	5	30	-0.2	4/1/11
473	5	30	-0.2	4/2/11
474	5	30	-0.2	4/3/11
475	5	30	-0.2	4/4/11
476	5	30	-0.2	4/5/11
477	5	30	-0.2	4/6/11
478	5	30	-0.2	4/7/11
479	5	30	-0.2	4/8/11
480	5	30	-0.2	4/9/11
481	5	30	-0.2	4/10/11
482	5	30	-0.2	4/11/11
483	5	30	-0.2	4/12/11
484	5	30	-0.2	4/13/11
485	5	30	-0.2	4/14/11
486	5	30	-0.2	4/15/11
487	5	30	-0.2	4/16/11
488	5	30	-0.2	4/17/11
489	5	30	-0.2	4/18/11
490	5	30	-0.2	4/19/11
491	5	30	-0.2	4/20/11
492	5	30	-0.2	4/21/11
493	5	30	-0.2	4/22/11
494	5	30	-0.2	4/23/11
495	5	30	-0.2	4/24/11
496	5	30	-0.2	4/25/11
497	5	30	-0.2	4/26/11
498	5	30	-0.2	4/27/11
499	5	30	-0.2	4/28/11
500	5	30	-0.2	4/29/11
501	5	30	-0.2	4/30/11
502	5	30	-0.2	5/1/11
503	5	30	-0.2	5/2/11
504	5	30	-0.2	5/3/11
505	5	30	-0.2	5/4/11
506	5	30	-0.2	5/5/11
507	5	30	-0.2	5/6/11
508	5	30	-0.2	5/7/11
509	5	30	-0.2	5/8/11
510	5	30	-0.2	5/9/11
511	5	30	-0.2	5/10/11
512	5	30	-0.2	5/11/11
513	5	30	-0.2	5/12/11
514	5	30	-0.2	5/13/11
515	5	30	-0.2	5/14/11
516	5	30	-0.2	5/15/11
517	5	30	-0.2	5/16/11
518	5	30	-0.2	5/17/11
519	5	30	-0.2	5/18/11
520	5	30	-0.2	5/19/11
521	5	30	-0.2	5/20/11
522	5	30	-0.2	5/21/11
523	5	30	-0.2	5/22/11
524	5	30	-0.2	5/23/11
525	5	30	-0.2	5/24/11
526	5	30	-0.2	5/25/11
527	5	30	-0.2	5/26/11
528	5	30	-0.2	5/27/11
529	5	30	-0.2	5/28/11
530	5	30	-0.2	5/29/11
531	5	30	-0.2	5/30/11
532	5	30	-0.2	5/31/11
533	5	30	-0.2	6/1/11
534	5	30	-0.2	6/2/11
535	5	30	-0.2	6/3/11
536	5	30	-0.2	6/4/11
537	5	30	-0.2	6/5/11
538	5	30	-0.2	6/6/11
539	5	30	-0.2	6/7/11
540	5	30	-0.2	6/8/11
541	5	30	-0.2	6/9/11
542	5	30	-0.2	6/10/11
543	5	30	-0.2	6/11/11
544	5	30	-0.2	6/12/11
545	5	30	-0.2	6/13/11
546	5	30	-0.2	6/14/11
547	5	30	-0.2	6/15/11
548	5	30	-0.2	6/16/11
549	5	30	-0.2	6/17/11
550	5	30	-0.2	6/18/11
551	5	30	-0.2	6/19/11
552	5	30	-0.2	6/20/11
553	5	30	-0.2	6/21/11
554	5	30	-0.2	6/22/11
555	5	30	-0.2	6/23/11
556	5	30	-0.2	6/24/11
557	5	30	-0.2	6/25/11
558	5	30	-0.2	6/26/11
559	5	30	-0.2	6/27/11
560	5	30	-0.2	6/28/11
561	5	30	-0.2	6/29/11
562	5	30	-0.2	6/30/11
563	5	30	-0.2	7/1/11
564	5	30	-0.2	7/2/11
565	5	30	-0.2	7/3/11
566	5	30	-0.2	7/4/11
567	5	30	-0.2	7/5/11
568	5	30	-0.2	7/6/11
569	5	30	-0.2	7/7/11
570	5	30	-0.2	7/8/11
571	5	30	-0.2	7/9/11
572	5	30	-0.2	7/10/11
573	5	30	-0.2	7/11/11
574	5	30	-0.2	7/12/11
575	5	30	-0.2	7/13/11
576	5	30	-0.2	7/14/11
577	5	30	-0.2	7/15/11
578	5	30	-0.2	7/16/11
579	5	30	-0.2	7/17/11
580	5	30	-0.2	7/18/11
581	5	30	-0.2	7/19/11
582	5	30	-0.2	7/20/11
583	5	30	-0.2	7/21/11
584	5	30	-0.2	7/22/11
585	5	30	-0.2	7/23/11
586	5	30	-0.2	7/24/11
587	5	30	-0.2	7/25/11
588	5	30	-0.2	7/26/11
589	5	30	-0.2	7/27/11
590	5	30	-0.2	7/28/11
591	5	30	-0.2	7/29/11
592	5	30	-0.2	7/30/11
593	5	30	-0.2	7/31/11
594	5	30	-0.2	8/1/11
595	5	30	-0.2	8/2/11
596	5	30	-0.2	8/3/11
597	5	30	-0.2	8/4/11
598	5	30	-0.2	8/5/11
599	5	30	-0.2	8/6/11
600	5	30	-0.2	8/7/11
601	5	30	-0.2	8/8/11
602	5	30	-0.2	8/9/11
603	5	30	-0.2	8/10/11
604	5	30	-0.2	8/11/11
605	5	30	-0.2	8/12/11
606	5	30	-0.2	8/13/11
607	5	30	-0.2	8/14/11
608	5	30	-0.2	8/15/11
609	5	30	-0.2	8/16/11
610	5	30	-0.2	8/17/11
611	5	30	-0.2	8/18/11
612	5	30	-0.2	8/19/11
613	5	30	-0.2	8/20/11
614	5	30	-0.2	8/21/11
615	5	30	-0.2	8/22/11
616	5	30	-0.2	8/23/11
617	5	30	-0.2	8/24/11
618	5	30	-0.2	8/25/11
619	5	30	-0.2	8/26/11
620	5	30	-0.2	8/27/11
621	5	30	-0.2	8/28/11
622	5	30	-0.2	8/29/11
623	5	30	-0.2	8/30/11
624	5	30	-0.2	8/31/11
625	5	30	-0.2	9/1/11
626	5	30	-0.2	9/2/11
627	5	30	-0.2	9/3/11
628	5	30	-0.2	9/4/11
629	5	30	-0.2	9/5/11
630	5	30	-0.2	9/6/11
631	5	30	-0.2	9/7/11
632	5	30	-0.2	9/8/11
633	5	30	-0.2	9/9/11
634	5	30	-0.2	9/10/11
635	5	30	-0.2	9/11/11
636	5	30	-0.2	9/12/11
637	5	30	-0.2	9/13/11
638	5	30	-0.2	9/14/11
639	5	30	-0.2	9/15/11
640	5	30	-0.2	9/16/11
641	5	30	-0.2	9/17/11
642	5	30	-0.2	9/18/11
643	5	30	-0.2	9/19/11
644	5	30	-0.2	9/20/11
645	5	30	-0.2	9/21/11
646	5	30	-0.2	9/22/11
647	5	30	-0.2	9/23/11
648	5	30	-0.2	9/24/11
649	5	30	-0.2	9/25/11
650	5	30	-0.2	9/26/11
651	5	30	-0.2	9/27/11
652	5	30	-0.2	9/28/11
653	5	30	-0.2	9/29/11
654	5	30	-0.2	9/30/11
655	5	30	-0.2	10/1/11
656	5	30	-0.2	10/2/11
657	5	30	-0.2	10/3/11
658	5	30	-0.2	10/4/11
659	5	30	-0.2	10/5/11
660	5	30	-0.2	10/6/11
661	5	30	-0.2	10/7/11
662	5	30	-0.2	10/8/11
663	5	30	-0.2	10/9/11
664	5	30	-0.2	10/10/11
665	5	30	-0.2	10/11/11
666	5	30	-0.2	10/12/11
667	5	30	-0.2	10/13/11
668	5	30	-0.2	10/14/11
669	5	30	-0.2	10/15/11
670	5	30	-0.2	10/16/11
671	5	30	-0.2	10/17/11
672	5	30	-0.2	10/18/11
673	5	30	-0.2	10/19/11
674	5	30	-0.2	10/20/11
675	5	30	-0.2	10/21/11
676	5	30	-0.2	10/22/11
677	5	30	-0.2	10/23/11
678	5	30	-0.2	10/24/11
679	5	30	-0.2	10/25/11
680	5	30	-0.2	10/26/11
681	5	30	-0.2	10/27/11
682	5	30	-0.2	10/28/11
683	5	30	-0.2	10/29/11
684	5	30	-0.2	10/30/11
685	5	30	-0.2	10/31/11
686	5	30	-0.2	11/1/11
687	5	30	-0.2	11/2/11
688	5	30	-0.2	11/3/11
689	5	30	-0.2	11/4/11
690	5	30	-0.2	11/5/11
691	5	30	-0.2	11/6/11
692	5	30	-0.2	11/7/11
693	5	30	-0.2	11/8/11
694	5	30	-0.2	11/9/11
695	5	30	-0.2	11/10/11
696	5	30	-0.2	11/11/11
697	5	30	-0.2	11/12/11
698	5	30	-0.2	11/13/11
699	5	30	-0.2	11/14/11
700	5	30	-0.2	11/15/11
701	5	30	-0.2	11/16/11
702	5	30	-0.2	11/17/11
703	5	30	-0.2	11/18/11
704	5	30	-0.2	11/19/11
705	5	30	-0.2	11/20/11
706	5	30	-0.2	11/21/11
707	5	30	-0.2	11/22/11
708	5	30	-0.2	11/23/11
709	5	30	-0.2	11/24/11
710	5	30	-0.2	11/25/11
711	5	30	-0.2	11/26/11
712	5	30	-0.2	11/27/11
713	5	30	-0.2	11/28/11
714	5	30	-0.2	11/29/11
715	5	30	-0.2	11/30/11
716	5	30	-0.2	12/1/11
717	5	30	-0.2	12/2/11
718	5	30	-0.2	12/3/11
719	5	30	-0.2	12/4/11
720	5	30	-0.2	12/5/11
721	5	30	-0.2	12/6/11
722	5	30	-0.2	12/7/11
723	5	30	-0.2	12/8/11
724	5	30	-0.2	12/9/11
725	5	30	-0.2	12/10/11
726	5	30	-0.2	12/11/11
727	5	30	-0.2	12/12/11
728	5	30	-0.2	12/13/11
729	5	30	-0.2	12/14/11
730	5	30	-0.2	12/15/11
731	5	30	-0.2	12/16/11
732	5	30	-0.2	12/17/11
733	5	30	-0.2	12/18/11
734	5	30	-0.2	12/19/11
735	5	30	-0.2	12/20/11
736	5	30	-0.2	12/21/11
737	5	30	-0.2	12/22/11
738	5	30	-0.2	12/23/11
739	5	30	-0.2	12/24/11
740	5	30	-0.2	12/25/11
741	5	30	-0.2	12/26/11
742	5	30	-0.2	12/27/11
743	5	30	-0.2	12/28/11
744	5	30	-0.2	12/29/11
745	5	30	-0.2	12/30/11
746	5	30	-0.2	12/31/11
747	5	30	-0.2	1/1/11
748	5	30	-0.2	1/2/11
749	5	30	-0.2	1/3/11
750	5	30	-0.2	1/4/11
751	5	30	-0.2	1/5/11
752	5	30	-0.2	1/6/11
753	5	30	-0.2	1/7/11
754	5	30	-0.2	1/8/11
755	5	30	-0.2	1/9/11
756	5	30	-0.2	1/10/11
757	5	30	-0.2	1/11/11
758	5	30	-0.2	1/12/11
759	5	30	-0.2	1/13/11
760	5	30	-0.2	1/14/11
761	5	30	-0.2	1/15/11
762	5	30	-0.2	1/16/11
763	5	30	-0.2	1/17/11
764	5	30	-0.2	1/18/11
765	5	30	-0.2	1/19/11
766	5	30	-0.2	1/20/11
767	5	30	-0.2	1/21/11
768	5	30	-0.2	1/22/11
769	5	30	-0.2	1/23/11
770	5	30	-0.2	1/24/11
771	5	30	-0.2	1/25/11
772	5	30	-0.2	1/26/11
773	5	30	-0.2	1/27/11
774	5	30	-0.2	1/28/11
775	5	30	-0.2	1/29/11
776	5	30	-0.2	1/30/11
777	5	30	-0.2	1/31/11
778	5	30	-0.2	2/1/11
779	5	30	-0.2	2/2/11
780	5	30	-0.2	2/3/11
781	5	30	-0.2	2/4/11
782	5	30	-0.2	2/5/11
783	5	30	-0.2	2/6/11
784	5	30	-0.2	2/7/11
785	5	30	-0.2	2/8/11
786	5	30	-0.2	2/9/11
787	5	30	-0.2	2/10/11
788	5	30	-0.2	2/11/11
789	5	30	-0.2	2/12/11
790	5	30	-0.2	2/13/11
791	5	30	-0.2	2/14/11
792	5	30	-0.2	2/15/11
793	5	30	-0.2	2/16/11
794	5	30	-0.2	2/17/11
795	5	30	-0.2	2/18/11
796	5	30	-0.2	2/19/11
797	5	30	-0.2	2/20/11
798	5	30	-0.2	2/21/11
799	5	30	-0.2	2/22/11
800	5	30	-0.2	2/23/11
801	5	30	-0.2	2/24/11
802	5	30	-0.2	2/25/11
803	5	30	-0.2	2/26/11
804	5	30	-0.2	2/27/11
805	5	30	-0.2	2/28/11
806	5	30	-0.2	3/1/11
807	5	30	-0.2	3/2/11
808	5	30	-0.2	3/3/11
809	5	30	-0.2	3/4/11
810	5	30	-0.2	3/5/11
811	5	30	-0.2	3/6/11
812	5	30	-0.2	3/7/11
813	5	30	-0.2	3/8/11
814	5	30	-0.2	3/9/11
815	5	30	-0.2	3/10/11
816	5	30	-0.2	3/11/11
817	5	30	-0.2	3/12/11
818	5	30	-0.2	3/13/11
819	5	30	-0.2	3/14/11
820	5	30	-0.2	3/15/11
821	5	30	-0.2	3/16/11
822	5	30	-0.2	3/17/11
823	5	30	-0.2	3/18/11
824	5	30	-0.2	3/19/11
825	5	30	-0.2	3/20/11
826	5	30	-0.2	3/21/11
827	5	30	-0.2	3/22/11
828	5	30	-0.2	3/23/11
829	5	30	-0.2	3/24/11
830	5	30	-0.2	3/25/11
831	5	30	-0.2	3/26/11
832	5	30	-0.2	3/27/11
833	5	30	-0.2	3/28/11
834	5	30	-0.2	3/29/11
835	5	30	-0.2	3/30/11
836	5	30	-0.2	3/31/11
837	5	30	-0.2	4/1/11
838	5	30	-0.2	4/2/11
839	5	30	-0.2	4/3/11
840	5	30	-0.2	4/4/11
841	5	30	-0.2	4/5/11
842	5	30	-0.2	4/6/11
843	5	30	-0.2	4/7/11
844	5	30	-0.2	4/8/11
845	5	30	-0.2	4/9/11
846	5	30	-0.2	4/10/11
847	5	30	-0.2	4/11/11
848	5	30	-0.2	4/12/11
849	5	30	-0.2	4/13/11
850	5	30	-0.2	4/14/11
851	5	30	-0.2	4/15/11
852	5	30	-0.2	4/16/11
853	5	30	-0.2	4/17/11
854	5	30	-0.2	4/18/11
855	5	30	-0.2	4/19/11
856	5	30	-0.2	4/20/11
857	5	30	-0.2	4/21/11
858	5	30	-0.2	4/22/11
859	5	30	-0.2	4/23/11
860	5	30	-0.2	4/24/11
861	5	30	-0.2	4/25/11
862	5	30	-0.2	4/26/11
863	5	30	-0.2	4/27/11
864	5	30	-0.2	4/28/11
865	5	30	-0.2	4/29/11
866	5	30	-0.2	4/30/11
867	5	30	-0.2	5/1/11
868	5	30	-0.2	5/2/11
869	5	30	-0.2	5/3/11
870	5	30	-0.2	5/4/11
871	5	30	-0.2	5/5/11
872	5	30	-0.2	5/6/11
873	5	30	-0.2	5/7/11
874	5	30	-0.2	5/8/11
875	5	30	-0.2	5/9/11
876	5	30	-0.2	5/10/11
877	5	30	-0.2	5/11/11
878	5	30	-0.2	5/12/11
879	5	30	-0.2	5/13/11
880	5	30	-0.2	5/14/11
881	5	30	-0.2	5/15/11
882	5	30	-0.2	5/16/11
883	5	30	-0.2	5/17/11
884	5	30	-0.2	5/18/11
885	5	30	-0.2	5/19/11
886	5	30	-0.2	5/20/11
887	5	30	-0.2	5/21/11
888	5	30	-0.2	5/22/11
889	5	30	-0.2	5/23/11
890	5	30	-0.2	5/24/11
891	5	30	-0.2	5/25/11
892	5	30	-0.2	5/26/11
893	5	30	-0.2	5/27/11
894	5	30	-0.2	5/28/11
895	5	30	-0.2	5/29/11
896	5	30	-0.2	5/30/11
897	5	30	-0.2	5/31/11
898	5	30	-0.2	6/1/11
899	5	30	-0.2	6/2/11
900	5	30	-0.2	6/3/11
901	5	30	-0.2	6/4/11
902	5	30	-0.2	6/5/11
903	5	30	-0.2	6/6/11
904	5	30	-0.2	6/7/11
905	5	30	-0.2	6/8/11
906	5	30	-0.2	6/9/11
907	5	30	-0.2	6/10/11
908	5	30	-0.2	6/11/11
909	5	30	-0.2	6/12/11
910	5	30	-0.2	6/13/11
911	5	30	-0.2	6/14/11
912	5	30	-0.2	6/15/11
913	5	30	-0.2	6/16/11
914	5	30	-0.2	6/17/11
915	5	30	-0.2	6/18/11
916	5	30	-0.2	6/19/11
917	5	30	-0.2	6/20/11
918	5	30	-0.2	6/21/11
919	5	30	-0.2	6/22/11
920	5	30	-0.2	6/23/11
921	5	30	-0.2	6/24/11
922	5	30	-0.2	6/25/11
923	5	30	-0.2	6/26/11
924	5	30	-0.2	6/27/11
925	5	30	-0.2	6/28/11
926	5	30	-0.2	6/29/11
927	5	30	-0.2	6/30/11
928	5	30	-0.2	7/1/11
929	5	30	-0.2	7/2/11
930	5	30	-0.2	7/3/11
931	5	30	-0.2	7/4/11
932	5	30	-0.2	7/5/11
933	5	30	-0.2	7/6/11
934	5	30	-0.2	7/7/11
935	5	30	-0.2	7/8/11
936	5	30	-0.2	7/9/11
937	5	30	-0.2	7/10/11
938	5	30	-0.2	7/11/11
939	5	30	-0.2	7/12/11
940	5	30	-0.2	7/13/11
941	5	30	-0.2	7/14/11
942	5	30	-0.2	7/15/11
943	5	30	-0.2	7/16/11
944	5	30	-0.2	7/17/11
945	5	30	-0.2	7/18/11
946	5	30	-0.2	7/19/11
947	5	30	-0.2	7/20/11
948	5	30	-0.2	7/21/11
949	5	30	-0.2	7/22/11
950	5	30	-0.2	7/23/11
951	5	30	-0.2	7/24/11
952	5	30	-0.2	7/25/11
953	5	30	-0.2	7/26/11
954	5	30	-0.2	7/27/11
955	5	30	-0.2	7/28/11
956	5	30	-0.2	7/29/11
957	5	30	-0.2	7/30/11
958	5	30	-0.2	7/31/11
959	5	30	-0.2	8/1/11
960	5	30	-0.2	8/2/11
961	5	30	-0.2	8/3/11
962	5	30	-0.2	8/4/11
963	5	30	-0.2	8/5/11
964	5	30	-0.2	8/6/11
965	5	30	-0.2	8/7/11
966	5	30	-0.2	8/8/11
967	5	30	-0.2	8/9/11
968	5	30	-0.2	8/10/11
969	5	30	-0.2	8/11/11
970	5	30	-0.2	8/12/11
971	5	30	-0.2	8/13/11
972	5	30	-0.2	8/14/11
973	5	30	-0.2	8/15/11
974	5	30	-0.2	8/16/11
975	5	30	-0.2	8/17/11
976	5	30	-0.2	8/18/11
977	5	30	-0.2	8/19/11
978	5	30	-0.2	8/20/11
979	5	30	-0.2	8/21/11
980	5	30	-0.2	8/22/11
981	5	30	-0.2	8/23/11
982	5	30	-0.2	8/24/11
983	5	30	-0.2	8/25/11
984	5	30	-0.2	8/26/11
985	5	30	-0.2	8/27/11
986	5	30	-0.2	8/28/11
987	5	30	-0.2	8/29/11
988	5	30	-0.2	8/30/11
989	5	30	-0.2	8/31/11
990	5	30	-0.2	9/1/11
991	5	30	-0.2	9/2/11
992	5	30	-0.2	9/3/11
993	5	30	-0.2	9/4/11
994	5	30	-0.2	9/5/11
995	5	30	-0.2	9/6/11
996	5	30	-0.2	9/7/11
997	5	30	-0.2	9/8/11
998	5	30	-0.2	9/9/11
999	5	30	-0.2	9/10/11
1000	5	30	-0.2	9/11/11
1001	5	30	-0.2	9/12/11
1002	5	30	-0.2	9/13/11
1003	5	30	-0.2	9/14/11
1004	5	30	-0.2	9/15/11
1005	5	30	-0.2	9/16/11
1006	5	30	-0.2	9/17/11
1007	5	30	-0.2	9/18/11
1008	5	30	-0.2	9/19/11
1009	5	30	-0.2	9/20/11
1010	5	30	-0.2	9/21/11
1011	5	30	-0.2	9/22/11
1012	5	30	-0.2	9/23/11
1013	5	30	-0.2	9/24/11
1014	5	30	-0.2	9/25/11
1015	5	30	-0.2	9/26/11
1016	5	30	-0.2	9/27/11
1017	5	30	-0.2	9/28/11
1018	5	30	-0.2	9/29/11
1019	5	30	-0.2	9/30/11
1020	5	30	-0.2	10/1/11
1021	5	30	-0.2	10/2/11
1022	5	30	-0.2	10/3/11
1023	5	30	-0.2	10/4/11
1024	5	30	-0.2	10/5/11
1025	5	30	-0.2	10/6/11
1026	5	30	-0.2	10/7/11
1027	5	30	-0.2	10/8/11
1028	5	30	-0.2	10/9/11
1029	5	30	-0.2	10/10/11
1030	5	30	-0.2	10/11/11
1031	5	30	-0.2	10/12/11
1032	5	30	-0.2	10/13/11
1033	5	30	-0.2	10/14/11
1034	5	30	-0.2	10/15/11
1035	5	30	-0.2	10/16/11
1036	5	30	-0.2	10/17/11
1037	5	30	-0.2	10/18/11
1038	5	30	-0.2	10/19/11
1039	5	30	-0.2	10/20/11
1040	5	30	-0.2	10/21/11
1041	5	30	-0.2	10/22/11
1042	5	30	-0.2	10/23/11
1043	5	30	-0.2	10/24/11
1044	5	30	-0.2	10/25/11
1045	5	30	-0.2	10/26/11
1046	5	30	-0.2	10/27/11
1047	5	30	-0.2	10/28/11
1048	5	30	-0.2	10/29/11
1049	5	30	-0.2	10/30/11
1050	5	30	-0.2	10/31/11
1051	5	30	-0.2	11/1/11
1052	5	30	-0.2	11/2/11
1053	5	30	-0.2	11/3/11
1054	5	30	-0.2	11/4/11
1055	5	30	-0.2	11/5/11
1056	5	30	-0.2	11/6/11
1057	5	30	-0.2	11/7/11
1058	5	30	-0.2	11/8/11
1059	5	30	-0.2	11/9/11
1060	5	30	-0.2	11/10/11
1061	5	30	-0.2	11/11/11
1062	5	30	-0.2	11/12/11
1063	5	30	-0.2	11/13/11
1064	5	30	-0.2	11/14/11
1065	5	30	-0.2	11/15/11
1066	5	30	-0.2	11/16/11
1067	5	30	-0.2	11/17/11
1068	5	30	-0.2	11/18/11
1069	5	30	-0.2	11/19/11
1070	5	30	-0.2	11/20/11
1071	5	30	-0.2	11/21/11
1072	5	30	-0.2	11/22/11
1073	5	30	-0.2	11/23/11
1074	5	30	-0.2	11/24/11
1075	5	30	-0.2	11/25/11
1076	5	30	-0.2	11/26/11
1077	5	30	-0.2	11/27/11
1078	5	30	-0.2	11/28/11
1079	5	30	-0.2	11/29/11
1080	5	30	-0.2	11/30/11
1081	5	30	-0.2	12/1/11
1082	5	30	-0.2	12/2/11
1083	5	30	-0.2	12/3/11
1084	5	30	-0.2	12/4/11
1085	5	30	-0.2	12/5/11
1086	5	30	-0.2	12/6/11
1087	5	30	-0.2	12/7/11
1088	5	30	-0.2	12/8/11
1089	5	30	-0.2	12/9/11
1090	5	30	-0.2	12/10/11
1091	5	30	-0.2	12/11/11
1092	5	30	-0.2	12/12/11
1093	5	30	-0.2	12/13/11
1094	5	30	-0.2	12/14/11
1095	5	30	-0.2	12/15/11
1096	5	30	-0.2	12/16/11
1097	5	30	-0.2	12/17/11
1098	5	30	-0.2	12/18/11
1099	5	30	-0.2	12/19/11
1100	5	30	-0.2	12/20/11
1101	5	30	-0.2	12/21/11
1102	5	30	-0.2	12/22/11
1103	5	30	-0.2	12/23/11
1104	5	30	-0.2	12/24/11
1105	5	30	-0.2	12/25/11
1106	5	30	-0.2	12/26/11
1107	5	30	-0.2	12/27/11
1108	5	30	-0.2	12/28/11
1109	5	30	-0.2	12/29/11
1110	5	30	-0.2	12/30/11
1111	5	30	-0.2	12/31/11
1112	5	30	-0.2	1/1/11
1113	5	30	-0.2	1/2/11
1114	5	30	-0.2	1/3/11
1115	5	30	-0.2	1/4/11
1116	5	30	-0.2	1/5/11
1117	5	30	-0.2	1/6/11
1118	5	30	-0.2	1/7/11
1119	5	30	-0.2	1/8/11
1120	5	30	-0.2	1/9/11
1121	5	30	-0.2	1/10/11
1122	5	30	-0.2	1/11/11
1123	5	30	-0.2	1/12/11
1124	5	30	-0.2	1/13/11
1125	5	30	-0.2	1/14/11
1126	5	30	-0.2	1/15/11
1127	5	30	-0.2	1/16/11
1128	5	30	-0.2	1/17/11
1129	5	30	-0.2	1/18/11
1130	5	30	-0.2	1/19/11
1131	5	30	-0.2	1/20/11
1132	5	30	-0.2	1/21/11
1133	5	30	-0.2	1/22/11
1134	5	30	-0.2	1/23/11
1135	5	30	-0.2	1/24/11
1136	5	30	-0.2	1/25/11
1137	5	30	-0.2	1/26/11
1138	5	30	-0.2	1/27/11
1139	5	30	-0.2	1/28/11
1140	5	30	-0.2	1/29/11
1141	5	30	-0.2	1/30/11
1142	5	30	-0.2	1/31/11
1143	5	30	-0.2	2/1/11
1144	5	30	-0.2	2/2/11
1145	5	30	-0.2	2/3/11
1146	5	30	-0.2	2/4/11
1147	5	30	-0.2	2/5/11
1148	5	30	-0.2	2/6/11
1149	5	30	-0.2	2/7/11
1150	5	30	-0.2	2/8/11
1151	5	30	-0.2	2/9/11
1152	5	30	-0.2	2/10/11
1153	5	30	-0.2	2/11/11
1154	5	30	-0.2	2/12/11
1155	5	30	-0.2	2/13/11
1156	5	30	-0.2	2/14/11
1157	5	30	-0.2	2/15/11
1158	5	30	-0.2	2/16/11
1159	5	30	-0.2	2/17/11
1160	5	30	-0.2	2/18/11
1161	5	30	-0.2	2/19/11
1162	5	30	-0.2	2/20/11
1163	5	30	-0.2	2/21/11
1164	5	30	-0.2	2/22/11
1165	5	30	-0.2	2/23/11
1166	5	30	-0.2	2/24/11
1167	5	30	-0.2	2/25/11
1168	5	30	-0.2	2/26/11
1169	5	30	-0.2	2/27/11
1170	5	30	-0.2	2/28/11
1171	5	30	-0.2	3/1/11
1172	5	30	-0.2	3/2/11
1173	5	30	-0.2	3/3/11
1174	5	30	-0.2	3/4/11
1175	5	30	-0.2	3/5/11
1176	5	30	-0.2	3/6/11
1177	5	30	-0.2	3/7/11
1178	5	30	-0.2	3/8/11
1179	5	30	-0.2	3/9/11
1180	5	30	-0.2	3/10/11
1181	5	30	-0.2	3/11/11
1182	5	30	-0.2	3/12/11
1183	5	30	-0.2	3/13/11
1184	5	30	-0.2	3/14/11
1185	5	30	-0.2	3/15/11
1186	5	30	-0.2	3/16/11
1187	5	30	-0.2	3/17/11
1188	5	30	-0.2	3/18/11
1189	5	30	-0.2	3/19/11
1190	5	30	-0.2	3/20/11
1191	5	30	-0.2	3/21/11
1192	5	30	-0.2	3/22/11
1193	5	30	-0.2	3/23/11
1194	5	30	-0.2	3/24/11
1195	5	30	-0.2	3/25/11
1196	5	30	-0.2	3/26/11
1197	5	30	-0.2	3/27/11
1198	5	30	-0.2	3/28/11
1199	5	30	-0.2	3/29/11
1200	5	30	-0.2	3/30/11
1201	5	30	-0.2	3/31/11
1202	5	30	-0.2	4/1/11
1203	5	30	-0.2	4/2/11
1204	5	30	-0.2	4/3/11
1205	5	30	-0.2	4/4/11
1206	5	30	-0.2	4/5/11
1207	5	30	-0.2	4/6/11
1208	5	30	-0.2	4/7/11
1209	5	30	-0.2	4/8/11
1210	5	30	-0.2	4/9/11
1211	5	30	-0.2	4/10/11
1212	5	30	-0.2	4/11/11
1213	5	30	-0.2	4/12/11
1214	5	30	-0.2	4/13/11
1215	5	30	-0.2	4/14/11
1216	5	30	-0.2	4/15/11
1217	5	30	-0.2	4/16/11
1218	5	30	-0.2	4/17/11
1219	5	30	-0.2	4/18/11
1220	5	30	-0.2	4/19/11
1221	5	30	-0.2	4/20/11
1222	5	30	-0.2	4/21/11
1223	5	30	-0.2	4/22/11
1224	5	30	-0.2	4/23/11
1225	5	30	-0.2	4/24/11
1226	5	30	-0.2	4/25/11
1227	5	30	-0.2	4/26/11
1228	5	30	-0.2	4/27/11
1229	5	30	-0.2	4/28/11
1230	5	30	-0.2	4/29/11
1231	5	30	-0.2	4/30/11
1232	5	30	-0.2	5/1/11
1233	5	30	-0.2	5/2/11
1234	5	30	-0.2	5/3/11
1235	5	30	-0.2	5/4/11
1236	5	30	-0.2	5/5/11
1237	5	30	-0.2	5/6/11
1238	5	30	-0.2	5/7/11
1239	5	30	-0.2	5/8/11
1240	5	30	-0.2	5/9/11
1241	5	30	-0.2	5/10/11
1242	5	30	-0.2	5/11/11
1243	5	30	-0.2	5/12/11
1244	5	30	-0.2	5/13/11
1245	5	30	-0.2	5/14/11
1246	5	30	-0.2	5/15/11
1247	5	30	-0.2	5/16/11
1248	5	30	-0.2	5/17/11
1249	5	30	-0.2	5/18/11
1250	5	30	-0.2	5/19/11
1251	5	30	-0.2	5/20/11
1252	5	30	-0.2	5/21/11
1253	5	30	-0.2	5/22/11
1254	5	30	-0.2	5/23/11
1255	5	30	-0.2	5/24/11
1256	5	30	-0.2	5/25/11
1257	5	30	-0.2	5/26/11
1258	5	30	-0.2	5/27/11
1259	5	30	-0.2	5/28/11
1260	5	30	-0.2	5/29/11
1261	5	30	-0.2	5/30/11
1262	5	30	-0.2	5/31/11
1263	5	30	-0.2	6/1/11
1264	5	30	-0.2	6/2/11
1265	5	30	-0.2	6/3/11
1266	5	30	-0.2	6/4/11
1267	5	30	-0.2	6/5/11
1268	5	30	-0.2	6/6/11
1269	5	30	-0.2	6/7/11
1270	5	30	-0.2	6/8/11
1271	5	30	-0.2	6/9/11
1272	5	30	-0.2	6/10/11
1273	5	30	-0.2	6/11/11
1274	5	30	-0.2	6/12/11
1275	5	30	-0.2	6/13/11
1276	5	30	-0.2	6/14/11
1277	5	30	-0.2	6/15/11
1278	5	30	-0.2	6/16/11
1279	5	30	-0.2	6/17/11
1280	5	30	-0.2	6/18/11
1281	5	30	-0.2	6/19/11
1282	5	30	-0.2	6/20/11
1283	5	30	-0.2	6/21/11
1284	5	30	-0.2	6/22/11
1285	5	30	-0.2	6/23/11
1286	5	30	-0.2	6/24/11
1287	5	30	-0.2	6/25/11
1288	5	30	-0.2	6/26/11
1289	5	30	-0.2	6/27/11
1290	5	30	-0.2	6/28/11
1291	5	30	-0.2	6/29/11
1292	5	30	-0.2	6/30/11
1293	5	30	-0.2	7/1/11
1294	5	30	-0.2	7/2/11
1295	5	30	-0.2	7/3/11
1296	5	30	-0.2	7/4/11
1297	5	30	-0.2	7/5/11
1298	5	30	-0.2	7/6/11
1299	5	30	-0.2	7/7/11
1300	5	30	-0.2	7/8/11
1301	5	30	-0.2	7/9/11
1302	5	30	-0.2	7/10/11
1303	5	30	-0.2	7/11/11
1304	5	30	-0.2	7/12/11
1305	5	30	-0.2	7/13/11
1306	5	30	-0.2	7/14/11
1307	5	30	-0.2	7/15/11
1308	5	30	-0.2	7/16/11
1309	5	30	-0.2	7/17/11
1310	5	30	-0.2	7/18/11
1311	5	30	-0.2	7/19/11
1312	5	30	-0.2	7/20/11
1313	5	30	-0.2	7/21/11
1314	5	30	-0.2	7/22/11
1315	5	30	-0.2	7/23/11
1316	5	30	-0.2	7/24/11
1317	5	30	-0.2	7/25/11
1318	5	30	-0.2	7/26/11
1319	5	30	-0.2	7/27/11
1320	5	30	-0.2	7/28/11
1321	5	30	-0.2	7/29/11
1322	5	30	-0.2	7/30/11
1323	5	30	-0.2	7/31/11
1324	5	30	-0.2	8/1/11
1325	5	30	-0.2	8/2/11
1326	5	30	-0.2	8/3/11
1327	5	30	-0.2	8/4/11
1328	5	30	-0.2	8/5/11
1329	5	30	-0.2	8/6/11
1330	5	30	-0.2	8/7/11
1331	5	30	-0.2	8/8/11
1332	5	30	-0.2	8/9/11
1333	5	30	-0.2	8/10/11
1334	5	30	-0.2	8/11/11
1335	5	30	-0.2	8/12/11
1336	5	30	-0.2	8/13/11
1337	5	30	-0.2	8/14/11
1338	5	30	-0.2	8/15/11
1339	5	30	-0.2	8/16/11
1340	5	30	-0.2	8/17/11
1341	5	30	-0.2	8/18/11
1342	5	30	-0.2	8/19/11
1343	5	30	-0.2	8/20/11
1344	5	30	-0.2	8/21/11
1345	5	30	-0.2	8/22/11
1346	5	30	-0.2	8/23/11
1347	5	30	-0.2	8/24/11
1348	5	30	-0.2	8/25/11
1349	5	30	-0.2	8/26/11
1350	5	30	-0.2	8/27/11
1351	5	30	-0.2	8/28/11
1352	5	30	-0.2	8/29/11
1353	5	30	-0.2	8/30/11
1354	5	30	-0.2	8/31/11
1355	5	30	-0.2	9/1/11
1356	5	30	-0.2	9/2/11
1357	5	30	-0.2	9/3/11
1358	5	30	-0.2	9/4/11
1359	5	30	-0.2	9/5/11
1360	5	30	-0.2	9/6/11
1361	5	30	-0.2	9/7/11
1362	5	30	-0.2	9/8/11
1363	5	30	-0.2	9/9/11
1364	5	30	-0.2	9/10/11
1365	5	30	-0.2	9/11/11
1366	5	30	-0.2	9/12/11
1367	5	30	-0.2	9/13/11
1368	5	30	-0.2	9/14/11
1369	5	30	-0.2	9/15/11
1370	5	30	-0.2	9/16/11
1371	5	30	-0.2	9/17/11
1372	5	30	-0.2	9/18/11
1373	5	30	-0.2	9/19/11
1374	5	30	-0.2	9/20/11
1375	5	30	-0.2	9/21/11
1376	5	30	-0.2	9/22/11
1377	5	30	-0.2	9/23/11
1378	5	30	-0.2	9/24/11
1379	5	30	-0.2	9/25/11
1380	5	30	-0.2	9/26/11
1381	5	30	-0.2	9/27/11
1382	5	30	-0.2	9/28/11
1383	5	30	-0.2	9/29/11
1384	5	30	-0.2	9/30/11
1385	5	30	-0.2	10/1/11
1386	5	30	-0.2	10/2/11
1387	5	30	-0.2	10/3/11
1388	5	30	-0.2	10/4/11
1389	5	30	-0.2	10/5/11
1390	5	30	-0.2	10/6/11
1391	5	30	-0.2	10/7/11
1392	5	30	-0.2	10/8/11
1393	5	30	-0.2	10/9/11
1394	5	30	-0.2	10/10/11
1395	5	30	-0.2	10/11/11
1396	5	30	-0.2	10/12/11
1397	5	30	-0.2	10/13/11
1398	5	30	-0.2	10/14/11
1399	5	30	-0.2	10/15/11
1400	5	30	-0.2	10/16/11
1401	5	30	-0.2	10/17/11
1402	5	30	-0.2	10/18/11
1403	5	30	-0.2	10/19/11
1404	5	30	-0.2	10/20/11
1405	5	30	-0.2	10/21/11
1406	5	30	-0.2	10/22/11
1407	5	30	-0.2	10/23/11
1408	5	30	-0.2	10/24/11
1409	5	30	-0.2	10/25/11
1410	5	30	-0.2	10/26/11
1411	5	30	-0.2	10/27/11
1412	5	30	-0.2	10/28/11
1413	5	30	-0.2	10/29/11
1414	5	30	-0.2	10/30/11
1415	5	30	-0.2	10/31/11
1416	5	30	-0.2	11/1/11
1417	5	30	-0.2	11/2/11
1418	5	30	-0.2	11/3/11
1419	5	30	-0.2	11/4/11
1420	5	30	-0.2	11/5/11
1421	5	30	-0.2	11/6/11
1422	5	30	-0.2	11/7/11
1423	5	30	-0.2	11/8/11
1424	5	30	-0.2	11/9/11
1425	5	30	-0.2	11/10/11
1426	5	30	-0.2	11/11/11
1427	5	30	-0.2	11/12/11
1428	5	30	-0.2	11/13/11
1429	5	30	-0.2	11/14/11
1430	5	30	-0.2	11/15/11
1431	5	30	-0.2	11/16/11
1432	5	30	-0.2	11/17/11
1433	5	30	-0.2	11/18/11
1434	5	30	-0.2	11/19/11
1435	5	30	-0.2	11/20/11
1436	5	30	-0.2	11/21/11
1437	5	30	-0.2	11/22/11
1438	5	30	-0.2	11/23/11
1439	5	30	-0.2	11/24/11
1440	5	30	-0.2	11/25/11
1441	5	30	-0.2	11/26/11
1442	5	30	-0.2	11/27/11
1443	5	30	-0.2	11/28/11
1444	5	30	-0.2	11/29/11
1445	5	30	-0.2	11/30/11
1446	5	30	-0.2	12/1/11
1447	5	30	-0.2	12/2/11
1448	5	30	-0.2	12/3/11
1449	5	30	-0.2	12/4/11
1450	5	30	-0.2	12/5/11
1451	5	30	-0.2	12/6/11
1452	5	30	-0.2	12/7/11
1453	5	30	-0.2	12/8/11
1454	5	30	-0.2	12/9/11
1455	5	30	-0.2	12/10/11
1456	5	30	-0.2	12/11/11
1457	5	30	-0.2	12/12/11
1458	5	30	-0.2	12/13/11
1459	5	30	-0.2	12/14/11
1460	5	30	-0.2	12/15/11
1461	5	30	-0.2	12/16/11
1462	5	30	-0.2	12/17/11
1463	5	30	-0.2	12/18/11
1464	5	30	-0.2	12/19/11
1465	5	30	-0.2	12/20/11
1466	5	30	-0.2	12/21/11
1467	5	30	-0.2	12/22/11
1468	5	30	-0.2	12/23/11
1469	5	30	-0.2	12/24/11
1470	5	30	-0.2	12/25/11
1471	5	30	-0.2	12/26/11
1472	5	30	-0.2	12/27/11
1473	5	30	-0.2	12/28/11
1474	5	30	-0.2	12/29/11
1475	5	30	-0.2	12/30/11
1476	5	30	-0.2	12/31/11
1477	5	30	-0.2	1/1/11
1478	5	30	-0.2	1/2/11
1479	5	30	-0.2	1/3/11
1480	5	30	-0.2	1/4/11
1481	5	30	-0.2	1/5/11
1482	5	30	-0.2	1/6/11
1483	5	30	-0.2	1/7/11
1484	5	30	-0.2	1/8/11
1485	5	30	-0.2	1/9/11
1486	5	30	-0.2	1/10/11
1487	5	30	-0.2	1/11/11
1488	5	30	-0.2	1/12/11
1489	5	30	-0.2	1/13/11
1490	5	30	-0.2	1/14/11
1491	5	30	-0.2	1/15/11
1492	5	30	-0.2	1/16/11
1493	5	30	-0.2	1/17/11
1494	5	30	-0.2	1/18/11
1495	5	30	-0.2	1/19/11
1496	5	30	-0.2	1/20/11
1497	5	30	-0.2	1/21/11
1498	5	30	-0.2	1/22/11
1499	5	30	-0.2	1/23/11
1500	5	30	-0.2	1/24/11
1501	5	30	-0.2	1/25/11
1502	5	30	-0.2	1/26/11
1503	5	30	-0.2	1/27/11
1504	5	30	-0.2	1/28/11
1505	5	30	-0.2	1/29/11
1506	5	30	-0.2	1/30/11
1507	5	30	-0.2	1/31/11
1508	5	30	-0.2	2/1/11
1509	5	30	-0.2	2/2/11
1510	5	30	-0.2	2/3/11
1511	5	30	-0.2	2/4/11
1512	5	30	-0.2	2/5/11
1513	5	30	-0.2	2/6/11
1514	5	30	-0.2	2/7/11
1515	5	30	-0.2	2/8/11
1516	5	30	-0.2	2/9/11
1517	5	30	-0.2	2/10/11
1518	5	30	-0.2	2/11/11
1519	5	30	-0.2	2/12/11
1520	5	30	-0.2	2/13/11
1521	5	30	-0.2	2/14/11
1522	5	30	-0.2	2/15/11
1523	5	30	-0.2	2/16/11
1524	5	30	-0.2	2/17/11
1525	5	30	-0.2	2/18/11
1526	5	30	-0.2	2/19/11
1527	5	30	-0.2	2/20/11
1528	5	30	-0.2	2/21/11
1529	5	30	-0.2	2/22/11
1530	5	30	-0.2	2/23/11
1531	5	30	-0.2	2/24/11
1532	5	30	-0.2	2/25/11
1533	5	30	-0.2	2/26/11
1534	5	30	-0.2	2/27/11
1535	5	30	-0.2	2/28/11
1536	5	30	-0.2	3/1/11
1537	5	30	-0.2	3/2/11
1538	5	30	-0.2	3/3/11
1539	5	30	-0.2	3/4/11
1540	5	30	-0.2	3/5/11
1541	5	30	-0.2	3/6/11
1542	5	30	-0.2	3/7/11
1543	5	30	-0.2	3/8/11
1544	5	30	-0.2	3/9/11
1545	5	30	-0.2	3/10/11
1546	5	30	-0.2	3/11/11
1547	5	30	-0.2	3/12/11
1548	5	30	-0.2	3/13/11
1549	5	30	-0.2	3/14/11
1550	5	30	-0.2	3/15/11
1551	5	30	-0.2	3/16/11
1552	5	30	-0.2	3/17/11
1553	5	30	-0.2	3/18/11
1554	5	30	-0.2	3/19/11
1555	5	30	-0.2	3/20/11
1556	5	30	-0.2	3/21/11
1557	5	30	-0.2	3/22/11
1558	5	30	-0.2	3/23/11
1559	5	30	-0.2	3/24/11
1560	5	30	-0.2	3/25/11
1561	5	30	-0.2	3/26/11
1562	5	30	-0.2	3/27/11
1563	5	30	-0.2	3/28/11
1564	5	30	-0.2	3/29/11
1565	5	30	-0.2	3/30/11
1566	5	30	-0.2	3/31/11
1567	5	30	-0.2	4/1/11
1568	5	30	-0.2	4/2/11
1569	5	30	-0.2	4/3/11
1570	5	30	-0.2	4/4/11
1571	5	30	-0.2	4/5/11
1572	5	30	-0.2	4/6/11
1573	5	30	-0.2	4/7/11
1574	5	30	-0.2	4/8/11
1575	5	30	-0.2	4/9/11
1576	5	30	-0.2	4/10/11
1577	5	30	-0.2	4/11/11
1578	5	30	-0.2	4/12/11
1579	5	30	-0.2	4/13/11
1580	5	30	-0.2	4/14/11
1581	5	30	-0.2	4/15/11
1582	5	30	-0.2	4/16/11
1583	5	30	-0.2	4/17/11
1584	5	30	-0.2	4/18/11
1585	5	30	-0.2	4/19/11
1586	5	30	-0.2	4/20/11
1587	5	30	-0.2	4/21/11
1588	5	30	-0.2	4/22/11
1589	5	30	-0.2	4/23/11
1590	5	30	-0.2	4/24/11
1591	5	30	-0.2	4/25/11
1592	5	30	-0.2	4/26/11
1593	5	30	-0.2	4/27/11
1594	5	30	-0.2	4/28/11
1595	5	30	-0.2	4/29/11
1596	5	30	-0.2	4/30/11
1597	5	30	-0.2	5/1/11
1598	5	30	-0.2	5/2/11
1599	5	30	-0.2	5/3/11
1600	5	30	-0.2	5/4/11
1601	5	30	-0.2	5/5/11
1602	5	30	-0.2	5/6/11
1603	5	30	-0.2	5/7/11
1604	5	30	-0.2	5/8/11
1605	5	30	-0.2	5/9/11
1606	5	30	-0.2	5/10/11
1607	5	30	-0.2	5/11/11
1608	5	30	-0.2	5/12/11
1609	5	30	-0.2	5/13/11
1610	5	30	-0.2	5/14/11
1611	5	30	-0.2	5/15/11
1612	5	30	-0.2	5/16/11
1613	5	30	-0.2	5/17/11
1614	5	30	-0.2	5/18/11
1615	5	30	-0.2	5/19/11
1616	5	30	-0.2	5/20/11
1617	5	30	-0.2	5/21/11
1618	5	30	-0.2	5/22/11
1619	5	30	-0.2	5/23/11
1620	5	30	-0.2	5/24/11
1621	5	30	-0.2	5/25/11
1622	5	30	-0.2	5/26/11
1623	5	30	-0.2	5/27/11
1624	5	30	-0.2	5/28/11
1625	5	30	-0.2	5/29/11
1626	5	30	-0.2	5/30/11
1627	5	30	-0.2	5/31/11
1628	5	30	-0.2	6/1/11
1629	5	30	-0.2	6/2/11
1630	5	30	-0.2	6/3/11
1631	5	30	-0.2	6/4/11
1632	5	30	-0.2	6/5/11
1633	5	30	-0.2	6/6/11
1634	5	30	-0.2	6/7/11
1635	5	30	-0.2	6/8/11
1636	5	30	-0.2	6/9/11
1637	5	30	-0.2	6/10/11
1638	5	30	-0.2	6/11/11
1639	5	30	-0.2	6/12/11
1640	5	30	-0.2	6/13/11
1641	5	30	-0.2	6/14/11
1642	5	30	-0.2	6/15/11
1643	5	30	-0.2	6/16/11
1644	5	30	-0.2	6/17/11
1645	5	30	-0.2	6/18/11
1646	5	30	-0.2	6/19/11
1647	5	30	-0.2	6/20/11
1648	5	30	-0.2	6/21/11
1649	5	30	-0.2	6/22/11
1650	5	30	-0.2	6/23/11
1651	5	30	-0.2	6/24/11
1652	5	30	-0.2	6/25/11
1653	5	30	-0.2	6/26/11
1654	5	30	-0.2	6/27/11
1655	5	30	-0.2	6/28/11
1656	5	30	-0.2	6/29/11
1657	5	30	-0.2	6/30/11
1658	5	30	-0.2	7/1/11
1659	5	30	-0.2	7/2/11
1660	5	30	-0.2	7/3/11
1661	5	30	-0.2	7/4/11
1662	5	30	-0.2	7/5/11
1663	5	30	-0.2	7/6/11
1664	5	30	-0.2	7/7/11
1665	5	30	-0.2	7/8/11
1666	5	30	-0.2	7/9/11
1667	5	30	-0.2	7/10/11
1668	5	30	-0.2	7/11/11
1669	5	30	-0.2	7/12/11
1670	5	30	-0.2	7/13/11
1671	5	30	-0.2	7/14/11
1672	5	30	-0.2	7/15/11
1673	5	30	-0.2	7/16/11
1674	5	30	-0.2	7/17/11
1675	5	30	-0.2	7/18/11
1676	5	30	-0.2	7/19/11
1677	5	30	-0.2	7/20/11
1678	5	30	-0.2	7/21/11
1679	5	30	-0.2	7/22/11
1680	5	30	-0.2	7/23/11
1681	5	30	-0.2	7/24/11
1682	5	30	-0.2	7/25/11
1683	5	30	-0.2	7/26/11
1684	5	30	-0.2	7/27/11
1685	5	30	-0.2	7/28/11
1686	5	30	-0.2	7/29/11
1687	5	30	-0.2	7/30/11
1688	5	30	-0.2	7/31/11
1689	5	30	-0.2	8/1/11
1690	5	30	-0.2	8/2/11
1691	5	30	-0.2	8/3/11
1692	5	30	-0.2	8/4/11
1693	5	30	-0.2	8/5/11
1694	5	30	-0.2	8/6/11
1695	5	30	-0.2	8/7/11
1696	5	30	-0.2	8/8/11
1697	5	30	-0.2	8/9/11
1698	5	30	-0.2	8/10/11
1699	5	30	-0.2	8/11/11
1700	5	30	-0.2	8/12/11
1701	5	30	-0.2	8/13/11
1702	5	30	-0.2	8/14/11
1703	5	30	-0.2	8/15/11
1704	5	30	-0.2	8/16/11
1705	5	30	-0.2	8/17/11
1706	5	30	-0.2	8/18/11
1707	5	30	-0.2	8/19/11
1708	5	30	-0.2	8/20/11
1709	5	30	-0.2	8/21/11
1710	5	30	-0.2	8/22/11
1711	5	30	-0.2	8/23/11
1712	5	30	-0.2	8/24/11
1713	5	30	-0.2	8/25/11
1714	5	30	-0.2	8/26/11
1715	5	30	-0.2	8/27/11
1716	5	30	-0.2	8/28/11
1717	5	30	-0.2	8/29/11
1718	5	30	-0.2	8/30/11
1719	5	30	-0.2	8/31/11
1720	5	30	-0.2	9/1/11
1721	5	30	-0.2	9/2/11
1722	5	30	-0.2	9/3/11
1723	5	30	-0.2	9/4/11
1724	5	30	-0.2	9/5/11
1725	5	30	-0.2	9/6/11
1726	5	30	-0.2	9/7/11
1727	5	30	-0.2	9/8/11
1728	5	30	-0.2	9/9/11
1729	5	30	-0.2	9/10/11
1730	5	30	-0.2	9/11/11
1731	5	30	-0.2	9/12/11
1732	5	30	-0.2	9/13/11
1733	5	30	-0.2	9/14/11
1734	5	30	-0.2	9/15/11
1735	5	30	-0.2	9/16/11
1736	5	30	-0.2	9/17/11
1737	5	30	-0.2	9/18/11
1738	5	30	-0.2	9/19/11
1739	5	30	-0.2	9/20/11
1740	5	30	-0.2	9/21/11
1741	5	30	-0.2	9/22/11
1742	5	30	-0.2	9/23/11
1743	5	30	-0.2	9/24/11
1744	5	30	-0.2	9/25/11
1745	5	30	-0.2	9/26/11
1746	5	30	-0.2	9/27/11
1747	5	30	-0.2	9/28/11
1748	5	30	-0.2	9/29/11
1749	5	30	-0.2	9/30/11
1750	5	30	-0.2	10/1/11
1751	5	30	-0.2	10/2/11
1752	5	30	-0.2	10/3/11
1753	5	30	-0.2	10/4/11
1754	5	30	-0.2	10/5/11
1755	5	30	-0.2	10/6/11
1756	5	30	-0.2	10/7/11
1757	5	30	-0.2	10/8/11
1758	5	30	-0.2	10/9/11
1759	5	30	-0.2	10/10/11
1760	5	30	-0.2	10/11/11
1761	5	30	-0.2	10/12/11
1762	5	30	-0.2	10/13/11
1763	5	30	-0.2	10/14/11
1764	5	30	-0.2	10/15/11
1765	5	30	-0.2	10/16/11
1766	5	30	-0.2	10/17/11
1767	5	30	-0.2	10/18/11
1768	5	30	-0.2	10/19/11
1769	5	30	-0.2	10/20/11
1770	5	30	-0.2	10/21/11
1771	5	30	-0.2	10/22/11
1772	5	30	-0.2	10/23/11
1773	5	30	-0.2	10/24/11
1774	5	30	-0.2	10/25/11
1775	5	30	-0.2	10/26/11
1776	5	30	-0.2	10/27/11
1777	5	30	-0.2	10/28/11
1778	5	30	-0.2	10/29/11
1779	5	30	-0.2	10/30/11
1780	5	30	-0.2	10/31/11
1781	5	30	-0.2	11/1/11
1782	5	30	-0.2	11/2/11
1783	5	30	-0.2	11/3/11
1784	5	30	-0.2	11/4/11
1785	5	30	-0.2	11/5/11
1786	5	30	-0.2	11/6/11
1787	5	30	-0.2	11/7/11
1788	5	30	-0.2	11/8/11
1789	5	30	-0.2	11/9/11
1790	5	30	-0.2	11/10/11
1791	5	30	-0.2	11/11/11
1792	5	30	-0.2	11/12/11
1793	5	30	-0.2	11/13/11
1794	5	30	-0.2	11/14/11
1795	5	30	-0.2	11/15/11
1796	5	30	-0.2	11/16/11
1797	5	30	-0.2	11/17/11
1798	5	30	-0.2	11/18/11
1799	5	30	-0.2	11/19/11
1800	5	30	-0.2	11/20/11
1801	5	30	-0.2	11/21/11
1802	5	30	-0.2	11/22/11
1803	5	30	-0.2	11/23/11
1804	5	30	-0.2	11/24/11
1805	5	30	-0.2	11/25/11
1806	5	30	-0.2	11/26/11
1807	5	30	-0.2	11/27/11
1808	5	30	-0.2	11/28/11
1809	5	30	-0.2	11/29/11
1810	5	30	-0.2	11/30/11
1811	5	30	-0.2	12/1/11
1812	5	30	-0.2	12/2/11
1813	5	30	-0.2	12/3/11
1814	5	30	-0.2	12/4/11
1815	5	30	-0.2	12/5/11
1816	5	30	-0.2	12/6/11
1817	5	30	-0.2	12/7/11
1818	5	30	-0.2	12/8/11
1819	5	30	-0.2	12/9/11
1820	5	30	-0.2	12/10/11
1821	5	30	-0.2	12/11/11
1822	5	30	-0.2	12/12/11
1823	5	30	-0.2	12/13/11
1824	5	30	-0.2	12/14/11
1825	5	30	-0.2	12/15/11
1826	5	30	-0.2	12/16/11
1827	5	30	-0.2	12/17/11
1828	5	30	-0.2	12/18/11
1829	5	30	-0.2	12/19/11
1830	5	30	-0.2	12/20/11
1831	5	30	-0.2	12/21/11
1832	5	30	-0.2	12/22/11
1833	5	30	-0.2	12/23/11
1834	5	30	-0.2	12/24/11
1835	5	30	-0.2	12/25/11
1836	5	30	-0.2	12/26/11
1837	5	30	-0.2	12/27/11
1838	5	30	-0.2	12/28/11
1839	5	30	-0.2	12/29/11
1840	5	30	-0.2	12/30/11
1841	5	30	-0.2	12/31/11
1842	5	30	-0.2	1/1/11
1843	5	30	-0.2	1/2/11
1844	5	30	-0.2	1/3/11
1845	5	30	-0.2	1/4/11
1846	5	30	-0.2	1/5/11
1847	5	30	-0.2	1/6/11
1848	5	30	-0.2	1/7/11
1849	5	30	-0.2	1/8/11
1850	5	30	-0.2	1/9/11
1851	5	30	-0.2	1/10/11
1852	5	30	-0.2	1/11/11
1853	5	30	-0.2	1/12/11
1854	5	30	-0.2	1/13/11
1855	5	30	-0.2	1/14/11
1856	5	30	-0.2	1/15/11
1857	5	30	-0.2	1/16/11
1858	5	30	-0.2	1/17/11
1859	5	30	-0.2	1/18/11
1860	5	30	-0.2	1/19/11
1861	5	30	-0.2	1/20/11
1862	5	30	-0.2	1/21/11
1863	5	30	-0.2	1/22/11
1864	5	30	-0.2	1/23/11
1865	5	30	-0.2	1/24/11
1866	5	30	-0.2	1/25/11
1867	5	30	-0.2	1/26/11
1868	5	30	-0.2	1/27/11
1869	5	30	-0.2	1/28/11
1870	5	30	-0.2	1/29/11
1871	5	30	-0.2	1/30/11
1872	5	30	-0.2	1/31/11
1873	5	30	-0.2	2/1/11
1874	5	30	-0.2	2/2/11
1875	5	30	-0.2	2/3/11
1876	5	30	-0.2	2/4/11
1877	5	30	-0.2	2/5/11
1878	5	30	-0.2	2/6/11
1879	5	30	-0.2	2/7/11
1880	5	30	-0.2	2/8/11
1881	5	30	-0.2	2/9/11
1882	5	30	-0.2	2/10/11
1883	5	30	-0.2	2/11/11
1884	5	30	-0.2	2/12/11
1885	5	30	-0.2	2/13/11
1886	5	30	-0.2	2/14/11
1887	5	30	-0.2	2/15/11
1888	5	30	-0.2	2/16/11
1889	5	30	-0.2	2/17/11
1890	5	30	-0.2	2/18/11
1891	5	30	-0.2	2/19/11
1892	5	30	-0.2	2/20/11
1893	5	30	-0.2	2/21/11
1894	5	30	-0.2	2/22/11
1895	5	30	-0.2	2/23/11
1896	5	30	-0.2	2/24/11
1897	5	30	-0.2	2/25/11
1898	5	30	-0.2	2/26/11
1899	5	30	-0.2	2/27/11
1900	5	30	-0.2	2/28/11
1901	5	30	-0.2	3/1/11
1902	5	30	-0.2	3/2/11
1903	5	30	-0.2	3/3/11
1904	5	30	-0.2	3/4/11
1905	5	30	-0.2	3/5/11
1906	5	30	-0.2	3/6/11
1907	5	30	-0.2	3/7/11
1908	5	30	-0.2	3/8/11
1909	5	30	-0.2	3/9/11
1910	5	30	-0.2	3/10/11
1911	5	30	-0.2	3/11/11
1912	5	30	-0.2	3/12/11
1913	5	30	-0.2	3/13/11
1914	5	30	-0.2	3/14/11
1915	5	30	-0.2	3/15/11
1916	5	30	-0.2	3/16/11
1917	5	30	-0.2	3/17/11
1918	5	30	-0.2	3/18/11
1919	5	30	-0.2	3/19/11
1920	5	30	-0.2	3/20/11
1921	5	30	-0.2	3/21/11
1922	5	30	-0.2	3/22/11
1923	5	30	-0.2	3/23/11
1924	5	30	-0.2	3/24/11
1925	5	30	-0.2	3/25/11
1926	5	30	-0.2	3/26/11
1927	5	30	-0.2	3/27/11
1928	5	30	-0.2	3/28/11
1929	5	30	-0.2	3/29/11
1930	5	30	-0.2	3/30/11
1931	5	30	-0.2	3/31/11
1932	5	30	-0.2	4/1/11
1933	5	30	-0.2	4/2/11
1934	5	30	-0.2	4/3/11
1935	5	30	-0.2	4/4/11
1936	5	30	-0.2	4/5/11
1937	5	30	-0.2	4/6/11
1938	5	30	-0.2	4/7/11
1939	5	30	-0.2	4/8/11
1940	5	30	-0.2	4/9/11
1941	5	30	-0.2	4/10/11
1942	5	30	-0.2	4/11/11
1943	5	30	-0.2	4/12/11
1944	5	30	-0.2	4/13/11
1945	5	30	-0.2	4/14/11
1946	5	30	-0.2	4/15/11
1947	5	30	-0.2	4/16/11
1948	5	30	-0.2	4/17/11
1949	5	30	-0.2	4/18/11
1950	5	30	-0.2	4/19/11
1951	5	30	-0.2	4/20/11
1952	5	30	-0.2	4/21/11
1953	5	30	-0.2	4/22/11
1954	5	30	-0.2	4/23/11
1955	5	30	-0.2	4/24/11
1956	5	30	-0.2	4/25/11
1957	5	30	-0.2	4/26/11
1958	5	30	-0.2	4/27/11
1959	5	30	-0.2	4/28/11
1960	5	30	-0.2	4/29/11
1961	5	30	-0.2	4/30/11
1962	5	30	-0.2	5/1/11
1963	5	30	-0.2	5/2/11
1964	5	30	-0.2	5/3/11
1965	5	30	-0.2	5/4/11
1966	5	30	-0.2	5/5/11
1967	5	30	-0.2	5/6/11
1968	5	30	-0.2	5/7/11
1969	5	30	-0.2	5/8/11
1970	5	30	-0.2	5/9/11
1971	5	30	-0.2	5/10/11
1972	5	30	-0.2	5/11/11
1973	5	30	-0.2	5/12/11
1974	5	30	-0.2	5/13/11
1975	5	30	-0.2	5/14/11
1976	5	30	-0.2	5/15/11
1977	5	30	-0.2	5/16/11
1978	5	30	-0.2	5/17/11
1979	5	30	-0.2	5/18/11
1980	5	30	-0.2	5/19/11
1981	5	30	-0.2	5/20/11
1982	5	30	-0.2	5/21/11
1983	5	30	-0.2	5/22/11
1984	5	30	-0.2	5/23/11
1985	5	30	-0.2	5/24/11
1986	5	30	-0.2	5/25/11
1987	5	30	-0.2	5/26/11
1988	5	30	-0.2	5/27/11
1989	5	30	-0.2	5/28/11
1990	5	30	-0.2	5/29/11
1991	5	30	-0.2	5/30/11
1992	5	30	-0.2	5/31/11
1993	5	30	-0.2	6/1/11
1994	5	30	-0.2	6/2/11
1995	5	30	-0.2	6/3/11
1996	5	30	-0.2	6/4/11
1997	5	30	-0.2	6/5/11
1998	5	30	-0.2	6/6/11
1999	5	30	-0.2	6/7/11
2000	5	30	-0.2	6/8/11
2001	5	30	-0.2	6/9/11
2002	5	30	-0.2	6/10/11
2003	5	30	-0.2	6/11/11
2004	5	30	-0.2	6/12/11
2005	5	30	-0.2	6/13/11
2006	5	30	-0.2	6/14/11
2007	5	30	-0.2	6/15/11
2008	5	30	-0.2	6/16/11
2009	5	30	-0.2	6/17/11
2010	5	30	-0.2	6/18/11
2011	5	30	-0.2	6/19/11
2012	5	30	-0.2	6/20/11
2013	5	30	-0.2	6/21/11
2014	5	30	-0.2	6/22/11
2015	5	30	-0.2	6/23/11
2016	5	30	-0.2	6/24/11
2017	5	30	-0.2	6/25/11
2018	5	30	-0.2	6/26/11
2019	5	30	-0.2	6/27/11
2020	5	30	-0.2	6/28/11
2021	5	30	-0.2	6/29/11
2022	5	30	-0.2	6/30/11
2023	5	30	-0.2	7/1/11
2024	5	30	-0.2	7/2/11
2025	5	30	-0.2	7/3/11
2026	5	30	-0.2	7/4/11
2027	5	30	-0.2	7/5/11
2028	5	30	-0.2	7/6/11
2029	5	30	-0.2	7/7/11
2030	5	30	-0.2	7/8/11
2031	5	30	-0.2	7/9/11
2032	5	30	-0.2	7/10/11
2033	5	30	-0.2	7/11/11
2034	5	30	-0.2	7/12/11
2035	5	30	-0.2	7/13/11
2036	5	30	-0.2	7/14/11
2037	5	30	-0.2	7/15/11
2038	5	30	-0.2	7/16/11
2039	5	30	-0.2	7/17/11
2040	5	30	-0.2	7/18/11
2041	5	30	-0.2	7/19/11
2042	5	30	-0.2	7/20/11
2043	5	30	-0.2	7/21/11
2044	5	30	-0.2	7/22/11
2045	5	30	-0.2	7/23/11
2046	5	30	-0.2	7/24/11
2047	5	30	-0.2	7/25/11
2048	5	30	-0.2	7/26/11
2049	5	30	-0.2	7/27/11
2050	5	30	-0.2	7/28/11
2051	5	30	-0.2	7/29/11
2052	5	30	-0.2	7/30/11
2053	5	30	-0.2	7/31/11
2054	5	30	-0.2	8/1/11
2055	5	30	-0.2	8/2/11
2056	5	30	-0.2	8/3/11
2057	5	30	-0.2	8/4/11
2058	5	30	-0.2	8/5/11
2059	5	30	-0.2	8/6/11
2060	5	30	-0.2	8/7/11
2061	5	30	-0.2	8/8/11
2062	5	30	-0.2	8/9/11
2063	5	30	-0.2	8/10/11
2064	5	30	-0.2	8/11/11
2065	5	30	-0.2	8/12/11
2066	5	30	-0.2	8/13/11
2067	5	30	-0.2	8/14/11
2068	5	30	-0.2	8/15/11
2069	5	30	-0.2	8/16/11
2070	5	30	-0.2	8/17/11
2071	5	30	-0.2	8/18/11
2072	5	30	-0.2	8/19/11
2073	5	30	-0.2	8/20/11
2074	5	30	-0.2	8/21/11
2075	5	30	-0.2	8/22/11
2076	5	30	-0.2	8/23/11
2077	5	30	-0.2	8/24/11
2078	5	30	-0.2	8/25/11
2079	5	30	-0.2	8/26/11
2080	5	30	-0.2	8/27/11
2081	5	30	-0.2	8/28/11
2082	5	30	-0.2	8/29/11
2083	5	30	-0.2	8/30/11
2084	5	30	-0.2	8/31/11
2085	5	30	-0.2	9/1/11
2086	5	30	-0.2	9/2/11
2087	5	30	-0.2	9/3/11
2088	5	30	-0.2	9/4/11
2089	5	30	-0.2	9/5/11
2090	5	30	-0.2	9/6/11
2091	5	30	-0.2	9/7/11
2092	5	30	-0.2	9/8/11
2093	5	30	-0.2	9/9/11
2094	5	30	-0.2	9/10/11
2095	5	30	-0.2	9/11/11
2096	5	30	-0.2	9/12/11
2097	5	30	-0.2	9/13/11
2098	5	30	-0.2	9/14/11
2099	5	30	-0.2	9/15/11
2100	5	30	-0.2	9/16/11
2101	5	30	-0.2	9/17/11
2102	5	30	-0.2	9/18/11
2103	5	30	-0.2	9/19/11
2104	5	30	-0.2	9/20/11
2105	5	30	-0.2	9/21/11
2106	5	30	-0.2	9/22/11
2107	5	30	-0.2	9/23/11
2108	5	30	-0.2	9/24/11
2109	5	30	-0.2	9/25/11
2110	5	30	-0.2	9/26/11
2111	5	30	-0.2	9/27/11
2112	5	30	-0.2	9/28/11
2113	5	30	-0.2	9/29/11
2114	5	30	-0.2	9/30/11
2115	5	30	-0.2	10/1/11
2116	5	30	-0.2	10/2/11
2117	5	30	-0.2	10/3/11
2118	5	30	-0.2	10/4/11
2119	5	30	-0.2	10/5/11
2120	5	30	-0.2	10/6/11
2121	5	30	-0.2	10/7/11
2122	5	30	-0.2	10/8/11
2123	5	30	-0.2	10/9/11
2124	5	30	-0.2	10/10/11
2125	5	30	-0.2	10/11/11
2126	5	30	-0.2	10/12/11
2127	5	30	-0.2	10/13/11
2128	5	30	-0.2	10/14/11
2129	5	30	-0.2	10/15/11
2130	5	30	-0.2	10/16/11
2131	5	30	-0.2	10/17/11
2132	5	30	-0.2	10/18/11
2133	5	30	-0.2	10/19/11
2134	5	30	-0.2	10/20/11
2135	5	30	-0.2	10/21/11
2136	5	30	-0.2	10/22/11
2137	5	30	-0.2	10/23/11
2138	5	30	-0.2	10/24/11
2139	5	30	-0.2	10/25/11
2140	5	30	-0.2	10/26/11
2141	5	30	-0.2	10/27/11
2142	5	30	-0.2	10/28/11
2143	5	30	-0.2	10/29/11
2144	5	30	-0.2	10/30/11
2145	5	30	-0.2	10/31/11
2146	5	30	-0.2	11/1/11
2147	5	30	-0.2	11/2/11
2148	5	30	-0.2	11/3/11
2149	5	30	-0.2	11/4/11
2150	5	30	-0.2	11/5/11
2151	5	30	-0.2	11/6/11
2152	5	30	-0.2	11/7/11
2153	5	30	-0.2	11/8/11
2154	5	30	-0.2	11/9/11
2155	5	30	-0.2	11/10/11
2156	5	30	-0.2	11/11/11
2157	5	30	-0.2	11/12/11
2158	5	30	-0.2	11/13/11
2159	5	30	-0.2	11/14/11
2160	5	30	-0.2	11/15/11
2161	5	30	-0.2	11/16/11
2162	5	30	-0.2	11/17/11
2163	5	30	-0.2	11/18/11
2164	5	30	-0.2	11/19/11
2165	5	30	-0.2	11/20/11
2166	5	30	-0.2	11/21/11
2167	5	30	-0.2	11/22/11
2168	5	30	-0.2	11/23/11
2169	5	30	-0.2	11/24/11
2170	5	30	-0.2	11/25/11
2171	5	30	-0.2	11/26/11
2172	5	30	-0.2	11/27/11
2173	5	30	-0.2	11/28/11
2174	5	30	-0.2	11/29/11
2175	5	30	-0.2	11/30/11
2176	5	30	-0.2	12/1/11
2177	5	30	-0.2	12/2/11
2178	5	30	-0.2	12/3/11
2179	5	30	-0.2	12/4/11
2180	5	30	-0.2	12/5/11
2181	5	30	-0.2	12/6/11
2182	5	30	-0.2	12/7/11
2183	5	30	-0.2	12/8/11
2184	5	30	-0.2	12/9/11
2185	5	30	-0.2	12/10/11
2186	5	30	-0.2	12/11/11
2187	5	30	-0.2	12/12/11
2188	5	30	-0.2	12/13/11
2189	5	30	-0.2	12/14/11